0.0 0.0 0.0840138021059 0.0
0.0 1.26160941917 0.0890138021059 0.0
0.5 2.47999431355 0.0940138021059
1.0 2.51326188224 0.0941484691517
1.5 2.85053413248 0.094281033443
2.0 3.34964030543 0.0943912281517
2.5 4.16873610025 0.0944682695682
3.0 5.16339895335 0.0944908329664
3.5 6.26546265776 0.0944908329664
4.0 7.5494237627 0.0944908329664
4.5 9.1113592071 0.0944908329664
5.0 10.9772519746 0.0944908329664
5.5 13.151753173 0.0944908329664
6.0 15.7129504779 0.0944908329664
6.5 18.7568927861 0.0944908329664
7.0 22.3228491978 0.0944908329664
7.5 26.4591194187 0.0944908329664
8.0 31.2657454073 0.0944908329664
8.5 36.83384997 0.0944908329664
9.0 43.1950003581 0.0944908329664
9.5 50.3817414012 0.0944908329664
10.0 58.4657308135 0.0944908329664
10.5 67.4846703654 0.0944908329664
11.0 77.3999710385 0.0944908329664
11.5 88.1439031028 0.0944908329664
12.0 99.6719000456 0.0944908329664
12.5 110.270111455 0.0944180742005
13.0 120.68223719 0.0942734390895
13.5 129.131840187 0.0940583509846
14.0 136.079090321 0.0937860721352
14.5 142.012625649 0.093466763389
15.0 147.263387042 0.0931073022417
15.5 151.38989358 0.092712342424
16.0 154.956025965 0.0922894689837
16.5 157.744875146 0.0918424885764
17.0 160.278351686 0.0913766442241
17.5 162.070923191 0.0908936862847
18.0 163.739909709 0.0903985975032
18.5 164.855935961 0.0898922325921
19.0 166.017235703 0.0893783065522
19.5 166.652574942 0.0888565368
20.0 167.313469499 0.0883304496372
20.5 167.612383398 0.0877998857276
21.0 168.01944732 0.0872672696791
21.5 168.10636623 0.0867318858051
22.0 168.208874469 0.0861958754949
22.5 168.088937018 0.0856591365379
23.0 168.080449259 0.0851231538747
23.5 167.871561701 0.0845871827595
24.0 167.665551479 0.0840525593093
24.5 167.307185336 0.0835192611197
25.0 167.045812878 0.0829883007385
25.5 166.6766311 0.0824590258596
26.0 166.282607828 0.0819321511751
26.5 165.778894208 0.0814078364815
27.0 165.349223912 0.0808868068496
27.5 164.872850157 0.0803685606618
28.0 164.36162261 0.0798534025529
28.5 163.753381682 0.0793415574153
29.0 163.202162833 0.0788336639952
29.5 162.638921545 0.0783293325585
30.0 162.048435233 0.0778286346666
30.5 161.354565559 0.0773317432071
31.0 160.669926842 0.0768393382462
31.5 159.914791419 0.0763513474108
32.0 159.089338946 0.0758682300535
32.5 158.148858574 0.0753904432074
33.0 157.193185125 0.0749187408645
33.5 156.215559765 0.0744532095987
34.0 155.187990638 0.0739939808631
34.5 154.042422345 0.0735413724316
35.0 152.850449995 0.0730961550246
35.5 151.642636045 0.0726586201744
36.0 150.385948723 0.0722288549797
36.5 149.005895041 0.0718071665792
37.0 147.543964838 0.0713943580105
37.5 146.062529344 0.0709909537533
38.0 144.528379819 0.070597061221
38.5 142.853500461 0.0702130090069
39.0 141.061627444 0.0698397117117
39.5 139.234694815 0.0694779234675
40.0 137.345159494 0.0691278503586
40.5 135.309820259 0.0687898816437
41.0 133.105239019 0.0684649603533
41.5 130.842554488 0.0681541834868
42.0 128.504756344 0.0678579044546
42.5 126.006575516 0.0675765892704
43.0 123.309924631 0.0673112713301
43.5 120.511355575 0.0670632354517
44.0 117.628752551 0.0668331196575
44.5 114.585238658 0.0666214412503
45.0 111.334778148 0.0664292288594
45.5 107.931330532 0.0662578155581
46.0 104.444881579 0.066108171473
46.5 100.820450322 0.0659807978581
47.0 97.0023176901 0.0658765613842
47.5 93.0215587779 0.065796698149
48.0 88.9698482099 0.0657422341306
48.5 84.8160036937 0.0657135817232
49.0 80.5254325227 0.0657113603239
49.5 75.5952552665 0.0657113603239
50.0 70.4737326889 0.0657113603239
50.5 65.0092449434 0.0657113603239
51.0 59.3351234765 0.0657113603239
51.5 53.6524601074 0.0657113603239
52.0 48.0818848016 0.0657113603239
52.5 42.6920767009 0.0657113603239
53.0 37.5122184356 0.0657113603239
53.5 32.5749565203 0.0657113603239
54.0 27.928396402 0.0657113603239
54.5 23.6181480739 0.0657113603239
55.0 19.660508178 0.0657113603239
55.5 16.0575578365 0.0657113603239
56.0 12.8067731307 0.0657113603239
56.5 9.89914595272 0.0657113603239
57.0 7.32822499192 0.0657113603239
57.5 5.08199772728 0.0657113603239
58.0 3.13626843201 0.0657113603239
58.5 1.76816492888 0.0658179988707
59.0 0.685013323835 0.0660159443963
59.5 -0.0822147143317 0.0662861769613
60.0 -0.649157962511 0.0666076166049
60.5 -1.1179307102 0.0669668978893
61.0 -1.50963536074 0.0673574663384
61.5 -1.80760235662 0.0677741759427
62.0 -2.01823620136 0.0682107706765
62.5 -2.16550890208 0.0686614230457
63.0 -2.2635532828 0.0691219051479
63.5 -2.3125412427 0.0695889323269
64.0 -2.31673311668 0.0700592322084
64.5 -2.28653608639 0.0705298172593
65.0 -2.23060011077 0.0709983945064
65.5 -2.1522136156 0.0714632482143
66.0 -2.05498818393 0.0719228823058
66.5 -1.94453657084 0.0723760418506
67.0 -1.82521872044 0.0728218464166
67.5 -1.69949372293 0.0732597064556
68.0 -1.56923800295 0.0736891965065
68.5 -1.43641879488 0.0741100163107
69.0 -1.30293271805 0.0745219968339
69.5 -1.17094631575 0.0749250955265
70.0 -1.04072340123 0.0753194142861
70.5 -0.911955824361 0.0757050725732
71.0 -0.785709931316 0.0760821692759
71.5 -0.663322132624 0.0764508743479
72.0 -0.544419005675 0.0768114467951
72.5 -0.428242822837 0.0771641206648
73.0 -0.315255510061 0.077509079431
73.5 -0.206132662265 0.0778465373176
74.0 -0.100495459465 0.0781767535356
74.5 0.00217300720437 0.0784999619769
75.0 0.101754171272 0.0788163620152
75.5 0.198062402247 0.0791261608795
76.0 0.291328811314 0.079429578123
76.5 0.381850040064 0.0797268178373
77.0 0.469679309668 0.0800180642877
77.5 0.554824065756 0.0803034981457
78.0 0.637442797216 0.0805832995424
78.5 0.717701450335 0.0808576379984
79.0 0.795685597397 0.0811266719294
79.5 0.871475532211 0.0813905540077
80.0 0.945171640459 0.0816494315149
80.5 1.01687086004 0.0819034450043
81.0 1.08667265895 0.0821527285321
81.5 1.15466235974 0.0823974094907
82.0 1.22090395908 0.0826376095527
82.5 1.28547580098 0.0828734460951
83.0 1.34845738671 0.0831050312428
83.5 1.409915144 0.0833324717937
84.0 1.46990363801 0.083555870091
84.5 1.52848057653 0.0837753248151
85.0 1.58570967542 0.0839909307755
85.5 1.64164001216 0.084202778511
86.0 1.69631357749 0.0844109552664
86.5 1.74977708671 0.0846155454661
87.0 1.80207782663 0.0848166303997
87.5 1.85326085913 0.0850142881847
88.0 1.90336172193 0.0852085939156
88.5 1.95241384925 0.0853996202998
89.0 2.00045718248 0.085587437798
89.5 2.0475286138 0.0857721141912
90.0 2.09365557253 0.0859537147849
90.5 2.13886615699 0.0861323030401
91.0 2.18319173298 0.0863079405294
91.5 2.22666175613 0.0864806867198
92.0 2.26929975637 0.0866505991002
92.5 2.31112918805 0.0868177335772
93.0 2.35217589977 0.0869821444804
93.5 2.39246285463 0.0871438844034
94.0 2.43200974838 0.0873030043963
94.5 2.47083657857 0.0874595541841
95.0 2.50896409364 0.0876135821468
95.5 2.54641155197 0.0877651352698
96.0 2.5831956898 0.0879142592436
96.5 2.61933313138 0.0880609986319
97.0 2.65484127892 0.0882053968799
97.5 2.68973633391 0.0883474962624
98.0 2.72403234069 0.0884873379641
98.5 2.75774322398 0.0886249622237
99.0 2.79088359383 0.0887604083424
99.5 2.82346747974 0.0888937146381
100.0 2.85550679659 0.0890249184843
